4
124.68042567859503
2
245.82813231372074
3
55.82572270304334
4
27.35194099953324
1
236.95325382209842
4
169.79688016580124
1
210.7931485324461
4
200.96191500831105
2
205.5356452380111
3
135.0733348236796
1
59.09006174931204
1
136.0017161527751
1
95.73519837679311
4
238.18195307292646
1
103.87530735334397
4
14.277127480345968
2
49.87090772618828
4
168.71026255351222
3
168.07463491430715
4
110.67705005342188
2
101.26985068793255
2
123.14832855098334
1
136.6832328524183
1
20.672741975036473
2
101.62263052828578
4
79.498014236697
1
156.57735560041476
1
36.64358980902722
2
48.31076660240109
2
154.07788381583998
1
192.07331631382655
1
75.08008333939136
1
82.56937886281071
2
161.1995259240639
4
208.72215964216264
3
100.96488452856985
1
86.5983952465051
1
21.640984688785977
4
47.07825695582403
4
199.88264915451663
2
181.9856058019312
2
216.09323427728646
3
139.43010826974628
4
61.659525819379496
3
26.054811737962638
3
225.00535407594364
2
99.73168763508926
3
208.58297122207316
2
240.00237722996954
4
245.50421745521288
2
44.222514740715894
