093653
4764.34
369147
3230.71
870379
921.60
508876
1030.58
795519
304.16
346327
3566.41
059000
2784.07
848075
4178.06
627227
3430.31
442255
4442.83
536516
1267.13
155846
2576.53
591852
3445.74
633037
4729.00
201378
1189.26
397178
2880.24
476884
477.59
749660
4103.11
060165
2201.18
754431
4674.06
238102
3431.84
869415
3885.57
909311
3533.95
224465
1442.34
640468
1070.78
263031
4007.75
688130
4848.29
344522
807.96
527632
4982.94
906808
198.21
157025
2579.91
076837
3748.83
878254
4464.92
773875
1718.66
392974
2425.23
792444
3748.72
605936
4584.63
080852
1231.51
399901
4862.10
380681
3089.55
061304
4945.63
857188
4631.08
871615
1850.02
323304
4742.11
261897
2921.84
082320
4920.59
539207
4104.38
221010
4562.25
935749
1382.46
630559
466.84
071719
4589.27
829858
4749.60
244270
2176.36
716351
4214.71
285555
123.43
902611
775.84
397672
2895.59
436088
1693.46
536796
4243.76
444991
239.51
254005
687.63
069877
1896.83
113845
721.04
547616
3354.46
634871
3135.70
121537
1369.07
279088
3372.34
890706
1028.94
929072
2476.85
247303
3078.83
649632
4064.60
373198
2742.32
910020
677.24
309712
2913.02
307640
2054.08
443568
2676.55
956084
4134.28
834504
2872.59
745098
4055.93
587441
3809.32
047204
3024.92
881529
1302.36
847688
688.75
291116
926.02
854294
1569.94
963789
1736.82
822918
1188.34
932635
4757.45
592555
1733.47
734735
3194.05
698868
4535.48
504730
700.38
592040
4127.50
688937
999.66
040551
1392.01
683234
1827.97
325421
1140.74
468902
3472.94
702992
2489.86
854415
2147.06
620863
3561.49
863089
1057.08
689730
367.63
003802
2309.38
312830
3214.00
698899
725.61
383344
2599.12
240030
1233.75
160303
377.80
875767
4747.06
834604
908.37
179862
3346.18
732722
1009.62
810985
4139.87
726248
1815.81
029852
2395.07
900363
37.41
441810
3399.55
348599
710.03
659690
4048.38
985757
3245.92
027260
4330.17
650507
2489.58
950172
729.93
954665
1523.47
602259
3062.20
059128
3169.57
583467
3401.79
863315
2489.38
069345
588.70
004655
3097.32
914930
1249.78
682204
771.61
907985
3401.89
291011
3671.87
025260
1479.17
069479
4454.14
941100
2062.27
866534
711.62
857331
2677.57
890615
1463.58
331613
1782.02
066796
3864.82
206017
1452.05
348271
914.69
761519
355.07
854342
2707.40
599602
3297.51
744528
684.09
198669
15.59
738502
1422.58
517503
4903.38
899453
3731.95
971393
1057.09
223649
206.94
626628
1355.60
702585
1941.02
526900
1294.08
210855
2797.29
935482
2941.00
432294
2492.57
917171
1698.39
910476
763.11
446780
2511.00
061447
3048.86
868455
4792.09
563234
1458.89
341956
611.83
958846
3261.52
645083
3629.14
974811
2780.94
372974
1838.10
044814
1375.47
364025
447.74
361226
4123.34
105843
2116.89
872346
947.94
007053
325.43
408418
4177.38
243759
2879.39
081186
3952.03
496063
1418.93
850549
2469.09
605403
4327.02
019852
2784.36
173083
4620.87
892149
2779.47
375314
1249.18
463127
4946.42
570316
1715.27
291509
2841.79
623567
1099.53
772584
419.08
775579
2363.97
917544
960.68
126444
288.00
391489
2999.75
732916
1505.90
143135
1447.34
521507
895.44
541444
3121.90
009185
1.31
759822
2015.60
858000
1267.88
721268
926.21
879308
2602.99
969607
2533.18
481324
197.68
741171
4603.15
